0_-10 132.00,-8.61,132.88,-9.55
0_-11 132.00,-9.55,132.89,-10.48
0_-12 132.00,-10.48,132.90,-11.41
0_-13 132.00,-11.40,132.90,-12.33
0_-14 132.00,-12.33,132.91,-13.25
0_-15 132.00,-13.24,132.92,-14.16
0_-16 132.00,-14.16,132.92,-15.08
0_-17 132.00,-15.07,132.93,-15.99
0_-18 132.00,-15.98,132.94,-16.89
0_-19 132.00,-16.89,132.94,-17.80
0_-20 132.00,-17.80,132.95,-18.70
0_-21 132.00,-18.70,132.96,-19.60
0_-22 132.00,-19.60,132.96,-20.50
0_-23 132.00,-20.50,132.97,-21.40
0_-24 132.00,-21.40,132.98,-22.30
0_-25 132.00,-22.29,132.99,-23.19
0_-26 132.00,-23.19,132.99,-24.08
0_-27 132.00,-24.08,133.00,-24.98
0_-28 132.00,-24.97,133.01,-25.87
0_-29 132.00,-25.87,133.02,-26.76
0_-30 132.00,-26.76,133.03,-27.65
0_-31 132.00,-27.65,133.03,-28.54
0_-32 132.00,-28.54,133.04,-29.44
0_-33 132.00,-29.43,133.05,-30.33
0_-34 132.00,-30.32,133.06,-31.22
0_-35 132.00,-31.22,133.07,-32.11
0_-36 132.00,-32.11,133.08,-33.01
0_-37 132.00,-33.00,133.09,-33.90
0_-38 132.00,-33.90,133.10,-34.80
0_-39 132.00,-34.80,133.11,-35.70
0_-40 132.00,-35.70,133.12,-36.60
0_-41 132.00,-36.60,133.13,-37.51
-10_-10 123.17,-8.30,124.11,-9.29
10_-10 140.77,-8.23,141.71,-9.23
-10_-11 123.11,-9.23,124.05,-10.22
10_-11 140.83,-9.16,141.77,-10.16
-10_-12 123.05,-10.16,124.00,-11.14
10_-12 140.89,-10.09,141.84,-11.08
-10_-13 122.99,-11.08,123.94,-12.07
10_-13 140.95,-11.01,141.91,-12.00
-10_-14 122.92,-12.00,123.89,-12.98
10_-14 141.01,-11.94,141.98,-12.92
-10_-15 122.86,-12.92,123.83,-13.90
10_-15 141.08,-12.85,142.05,-13.84
-10_-16 122.79,-13.84,123.77,-14.81
10_-16 141.14,-13.77,142.12,-14.75
-10_-17 122.73,-14.75,123.71,-15.72
10_-17 141.21,-14.68,142.20,-15.66
-10_-18 122.66,-15.66,123.65,-16.63
10_-18 141.27,-15.59,142.27,-16.56
-10_-19 122.59,-16.56,123.59,-17.53
10_-19 141.34,-16.49,142.35,-17.47
-10_-20 122.52,-17.47,123.53,-18.43
10_-20 141.41,-17.40,142.42,-18.37
-10_-21 122.45,-18.37,123.47,-19.33
10_-21 141.48,-18.30,142.50,-19.27
-10_-22 122.38,-19.27,123.40,-20.23
10_-22 141.55,-19.20,142.58,-20.16
-10_-23 122.30,-20.16,123.34,-21.12
10_-23 141.62,-20.09,142.66,-21.06
-10_-24 122.23,-21.06,123.27,-22.02
10_-24 141.70,-20.99,142.74,-21.95
-10_-25 122.16,-21.95,123.20,-22.91
10_-25 141.77,-21.88,142.82,-22.85
-10_-26 122.08,-22.85,123.14,-23.80
10_-26 141.84,-22.77,142.91,-23.74
-10_-27 122.00,-23.74,123.07,-24.69
10_-27 141.92,-23.66,142.99,-24.63
-10_-28 121.92,-24.63,123.00,-25.58
10_-28 142.00,-24.55,143.08,-25.52
-10_-29 121.84,-25.52,122.93,-26.47
10_-29 142.08,-25.44,143.17,-26.41
-10_-30 121.76,-26.41,122.86,-27.36
10_-30 142.16,-26.33,143.26,-27.29
-10_-31 121.68,-27.29,122.78,-28.25
10_-31 142.24,-27.22,143.35,-28.18
-10_-32 121.60,-28.18,122.71,-29.14
10_-32 142.32,-28.11,143.44,-29.07
-10_-33 121.51,-29.07,122.63,-30.03
10_-33 142.40,-29.00,143.53,-29.96
-10_-34 121.42,-29.96,122.56,-30.92
10_-34 142.49,-29.88,143.63,-30.85
-10_-35 121.34,-30.85,122.48,-31.81
10_-35 142.58,-30.77,143.72,-31.74
-10_-36 121.25,-31.74,122.40,-32.70
10_-36 142.66,-31.66,143.82,-32.63
-10_-37 121.16,-32.63,122.32,-33.60
10_-37 142.75,-32.55,143.92,-33.52
-10_-38 121.06,-33.52,122.24,-34.49
10_-38 142.84,-33.44,144.02,-34.42
-10_-39 120.97,-34.42,122.15,-35.39
10_-39 142.94,-34.34,144.13,-35.31
-10_-40 120.87,-35.31,122.07,-36.28
10_-40 143.03,-35.23,144.23,-36.21
-10_-41 120.78,-36.21,121.98,-37.18
10_-41 143.13,-36.13,144.34,-37.11
-10_-42 120.68,-37.11,121.89,-38.09
10_-42 143.22,-37.03,144.45,-38.01
10_-43 143.32,-37.93,144.56,-38.92
10_-44 143.43,-38.83,144.67,-39.82
10_-45 143.53,-39.74,144.79,-40.74
10_-46 143.63,-40.65,144.91,-41.65
10_-47 143.74,-41.56,145.02,-42.57
10_-48 143.85,-42.48,145.15,-43.50
10_-49 143.96,-43.41,145.27,-44.43
10_-50 144.07,-44.34,145.40,-45.37
10_-51 144.19,-45.27,145.52,-46.31
-1_-10 131.12,-8.61,132.00,-9.55
1_-10 132.88,-8.60,133.77,-9.55
-1_-11 131.11,-9.55,132.00,-10.48
1_-11 132.88,-9.54,133.78,-10.48
-11_-10 122.29,-8.23,123.23,-9.23
11_-10 141.64,-8.15,142.58,-9.16
-11_-11 122.23,-9.16,123.17,-10.16
11_-11 141.71,-9.09,142.66,-10.09
-11_-12 122.16,-10.09,123.11,-11.08
11_-12 141.77,-10.02,142.73,-11.01
-11_-13 122.09,-11.01,123.05,-12.00
11_-13 141.84,-10.94,142.81,-11.94
-11_-14 122.02,-11.94,122.99,-12.92
11_-14 141.91,-11.86,142.88,-12.85
-11_-15 121.95,-12.85,122.92,-13.84
11_-15 141.98,-12.78,142.96,-13.77
-11_-16 121.88,-13.77,122.86,-14.75
11_-16 142.05,-13.69,143.04,-14.68
-11_-17 121.80,-14.68,122.79,-15.66
11_-17 142.12,-14.60,143.12,-15.59
-11_-18 121.73,-15.59,122.73,-16.56
11_-18 142.20,-15.51,143.20,-16.49
-11_-19 121.65,-16.49,122.66,-17.47
11_-19 142.27,-16.42,143.28,-17.40
-1_-12 131.10,-10.48,132.00,-11.41
1_-12 132.89,-10.47,133.79,-11.40
-11_-20 121.58,-17.40,122.59,-18.37
11_-20 142.35,-17.32,143.37,-18.30
-11_-21 121.50,-18.30,122.52,-19.27
11_-21 142.42,-18.22,143.45,-19.20
-11_-22 121.42,-19.20,122.45,-20.16
11_-22 142.50,-19.12,143.54,-20.09
-11_-23 121.34,-20.09,122.38,-21.06
11_-23 142.58,-20.02,143.62,-20.99
-11_-24 121.26,-20.99,122.30,-21.95
11_-24 142.66,-20.91,143.71,-21.88
-11_-25 121.18,-21.88,122.23,-22.85
11_-25 142.74,-21.80,143.80,-22.77
-11_-26 121.09,-22.77,122.16,-23.74
11_-26 142.82,-22.69,143.89,-23.66
-11_-27 121.01,-23.66,122.08,-24.63
11_-27 142.91,-23.58,143.99,-24.55
-11_-28 120.92,-24.55,122.00,-25.52
11_-28 142.99,-24.47,144.08,-25.44
-11_-29 120.83,-25.44,121.92,-26.41
11_-29 143.08,-25.36,144.18,-26.33
-1_-13 131.10,-11.40,132.00,-12.33
1_-13 132.90,-11.39,133.81,-12.33
-11_-30 120.74,-26.33,121.84,-27.29
11_-30 143.17,-26.25,144.27,-27.22
-11_-31 120.65,-27.22,121.76,-28.18
11_-31 143.26,-27.14,144.37,-28.11
-11_-32 120.56,-28.11,121.68,-29.07
11_-32 143.35,-28.03,144.47,-29.00
-11_-33 120.47,-29.00,121.60,-29.96
11_-33 143.44,-28.91,144.57,-29.88
-11_-34 120.37,-29.88,121.51,-30.85
11_-34 143.53,-29.80,144.68,-30.77
-11_-35 120.28,-30.77,121.42,-31.74
11_-35 143.63,-30.69,144.78,-31.66
-11_-36 120.18,-31.66,121.34,-32.63
11_-36 143.72,-31.58,144.89,-32.55
-11_-37 120.08,-32.55,121.25,-33.52
11_-37 143.82,-32.47,145.00,-33.44
-11_-38 119.98,-33.44,121.16,-34.42
11_-38 143.92,-33.36,145.11,-34.34
-11_-39 119.87,-34.34,121.06,-35.31
11_-39 144.02,-34.25,145.22,-35.23
-1_-14 131.09,-12.33,132.00,-13.25
1_-14 132.90,-12.32,133.82,-13.24
-11_-40 119.77,-35.23,120.97,-36.21
11_-40 144.13,-35.14,145.34,-36.13
-11_-41 119.66,-36.13,120.87,-37.11
11_-41 144.23,-36.04,145.45,-37.03
-11_-42 119.55,-37.03,120.78,-38.01
11_-42 144.34,-36.93,145.57,-37.93
11_-43 144.45,-37.83,145.69,-38.83
11_-44 144.56,-38.74,145.82,-39.74
11_-45 144.67,-39.64,145.94,-40.65
11_-46 144.79,-40.55,146.07,-41.56
11_-47 144.91,-41.47,146.20,-42.48
11_-48 145.02,-42.38,146.33,-43.41
11_-49 145.15,-43.31,146.47,-44.34
-1_-15 131.08,-13.24,132.00,-14.16
1_-15 132.91,-13.24,133.83,-14.16
11_-50 145.27,-44.23,146.60,-45.27
11_-51 145.40,-45.17,146.74,-46.21
-1_-16 131.08,-14.16,132.00,-15.08
1_-16 132.92,-14.15,133.84,-15.07
-1_-17 131.07,-15.07,132.00,-15.99
1_-17 132.92,-15.06,133.86,-15.98
-1_-18 131.06,-15.98,132.00,-16.89
1_-18 132.93,-15.97,133.87,-16.89
-1_-19 131.06,-16.89,132.00,-17.80
1_-19 132.94,-16.88,133.89,-17.80
-1_-20 131.05,-17.80,132.00,-18.70
1_-20 132.94,-17.79,133.90,-18.70
-1_-21 131.04,-18.70,132.00,-19.60
1_-21 132.95,-18.69,133.91,-19.60
12_-10 142.51,-8.07,143.46,-9.09
-12_-11 121.34,-9.09,122.29,-10.09
12_-11 142.58,-9.01,143.54,-10.02
-12_-12 121.27,-10.02,122.23,-11.01
12_-12 142.66,-9.94,143.62,-10.94
-12_-13 121.19,-10.94,122.16,-11.94
12_-13 142.73,-10.86,143.70,-11.86
-12_-14 121.12,-11.86,122.09,-12.85
12_-14 142.81,-11.78,143.79,-12.78
-12_-15 121.04,-12.78,122.02,-13.77
12_-15 142.88,-12.70,143.87,-13.69
-12_-16 120.96,-13.69,121.95,-14.68
12_-16 142.96,-13.61,143.95,-14.60
-12_-17 120.88,-14.60,121.88,-15.59
12_-17 143.04,-14.52,144.04,-15.51
-12_-18 120.80,-15.51,121.80,-16.49
12_-18 143.12,-15.43,144.13,-16.42
-12_-19 120.72,-16.42,121.73,-17.40
12_-19 143.20,-16.33,144.22,-17.32
-1_-22 131.04,-19.60,132.00,-20.50
1_-22 132.96,-19.59,133.93,-20.50
-12_-20 120.63,-17.32,121.65,-18.30
12_-20 143.28,-17.24,144.31,-18.22
-12_-21 120.55,-18.22,121.58,-19.20
12_-21 143.37,-18.14,144.40,-19.12
-12_-22 120.46,-19.12,121.50,-20.09
12_-22 143.45,-19.03,144.49,-20.02
-12_-23 120.38,-20.02,121.42,-20.99
12_-23 143.54,-19.93,144.59,-20.91
-12_-24 120.29,-20.91,121.34,-21.88
12_-24 143.62,-20.82,144.68,-21.80
-12_-25 120.20,-21.80,121.26,-22.77
12_-25 143.71,-21.72,144.78,-22.69
-12_-26 120.11,-22.69,121.18,-23.66
12_-26 143.80,-22.61,144.88,-23.58
-12_-27 120.01,-23.58,121.09,-24.55
12_-27 143.89,-23.50,144.98,-24.47
-12_-28 119.92,-24.47,121.01,-25.44
12_-28 143.99,-24.39,145.08,-25.36
-12_-29 119.82,-25.36,120.92,-26.33
12_-29 144.08,-25.27,145.18,-26.25
-1_-23 131.03,-20.50,132.00,-21.40
1_-23 132.96,-20.49,133.94,-21.40
-12_-30 119.73,-26.25,120.83,-27.22
12_-30 144.18,-26.16,145.29,-27.14
-12_-31 119.63,-27.14,120.74,-28.11
12_-31 144.27,-27.05,145.40,-28.03
-12_-32 119.53,-28.03,120.65,-29.00
12_-32 144.37,-27.94,145.50,-28.91
-12_-33 119.43,-28.91,120.56,-29.88
12_-33 144.47,-28.82,145.62,-29.80
-12_-34 119.32,-29.80,120.47,-30.77
12_-34 144.57,-29.71,145.73,-30.69
-12_-35 119.22,-30.69,120.37,-31.66
12_-35 144.68,-30.60,145.84,-31.58
-12_-36 119.11,-31.58,120.28,-32.55
12_-36 144.78,-31.48,145.96,-32.47
-12_-37 119.00,-32.47,120.18,-33.44
12_-37 144.89,-32.37,146.07,-33.36
-12_-38 118.89,-33.36,120.08,-34.34
12_-38 145.00,-33.26,146.19,-34.25
-12_-39 118.78,-34.25,119.98,-35.23
12_-39 145.11,-34.15,146.32,-35.14
-1_-24 131.02,-21.40,132.00,-22.30
1_-24 132.97,-21.39,133.96,-22.29
-12_-40 118.66,-35.14,119.87,-36.13
12_-40 145.22,-35.04,146.44,-36.04
-12_-41 118.55,-36.04,119.77,-37.03
12_-41 145.34,-35.94,146.57,-36.93
-12_-42 118.43,-36.93,119.66,-37.93
12_-42 145.45,-36.84,146.69,-37.83
12_-43 145.57,-37.73,146.83,-38.74
12_-44 145.69,-38.64,146.96,-39.64
12_-45 145.82,-39.54,147.09,-40.55
12_-46 145.94,-40.45,147.23,-41.47
12_-47 146.07,-41.36,147.37,-42.38
12_-48 146.20,-42.28,147.51,-43.31
12_-49 146.33,-43.20,147.66,-44.23
-1_-25 131.01,-22.29,132.00,-23.19
1_-25 132.98,-22.28,133.97,-23.19
12_-50 146.47,-44.12,147.81,-45.17
12_-51 146.60,-45.06,147.96,-46.11
-1_-26 131.01,-23.19,132.00,-24.08
1_-26 132.99,-23.18,133.99,-24.08
-1_-27 131.00,-24.08,132.00,-24.98
1_-27 132.99,-24.07,134.00,-24.97
-1_-28 130.99,-24.97,132.00,-25.87
1_-28 133.00,-24.96,134.02,-25.87
-1_-29 130.98,-25.87,132.00,-26.76
1_-29 133.01,-25.86,134.04,-26.76
-1_-30 130.97,-26.76,132.00,-27.65
1_-30 133.02,-26.75,134.05,-27.65
-1_-31 130.97,-27.65,132.00,-28.54
1_-31 133.03,-27.64,134.07,-28.54
-13_-11 120.46,-9.01,121.42,-10.02
13_-11 143.46,-8.92,144.42,-9.94
-13_-12 120.38,-9.94,121.34,-10.94
13_-12 143.54,-9.85,144.51,-10.86
-13_-13 120.30,-10.86,121.27,-11.86
13_-13 143.62,-10.77,144.60,-11.78
-13_-14 120.21,-11.78,121.19,-12.78
13_-14 143.70,-11.69,144.69,-12.70
-13_-15 120.13,-12.70,121.12,-13.69
13_-15 143.79,-12.61,144.78,-13.61
-13_-16 120.05,-13.61,121.04,-14.60
13_-16 143.87,-13.52,144.87,-14.52
-13_-17 119.96,-14.52,120.96,-15.51
13_-17 143.95,-14.43,144.96,-15.43
-13_-18 119.87,-15.43,120.88,-16.42
13_-18 144.04,-15.34,145.06,-16.33
-13_-19 119.78,-16.33,120.80,-17.32
13_-19 144.13,-16.24,145.15,-17.24
-1_-32 130.96,-28.54,132.00,-29.44
1_-32 133.03,-28.53,134.09,-29.43
-13_-20 119.69,-17.24,120.72,-18.22
13_-20 144.22,-17.15,145.25,-18.14
-13_-21 119.60,-18.14,120.63,-19.12
13_-21 144.31,-18.05,145.35,-19.03
-13_-22 119.51,-19.03,120.55,-20.02
13_-22 144.40,-18.94,145.45,-19.93
-13_-23 119.41,-19.93,120.46,-20.91
13_-23 144.49,-19.84,145.55,-20.82
-13_-24 119.32,-20.82,120.38,-21.80
13_-24 144.59,-20.73,145.65,-21.72
-13_-25 119.22,-21.72,120.29,-22.69
13_-25 144.68,-21.63,145.76,-22.61
-13_-26 119.12,-22.61,120.20,-23.58
13_-26 144.78,-22.52,145.86,-23.50
-13_-27 119.02,-23.50,120.11,-24.47
13_-27 144.88,-23.40,145.97,-24.39
-13_-28 118.92,-24.39,120.01,-25.36
13_-28 144.98,-24.29,146.08,-25.27
-13_-29 118.82,-25.27,119.92,-26.25
13_-29 145.08,-25.18,146.19,-26.16
-1_-33 130.95,-29.43,132.00,-30.33
1_-33 133.04,-29.42,134.10,-30.32
-13_-30 118.71,-26.16,119.82,-27.14
13_-30 145.18,-26.07,146.30,-27.05
-13_-31 118.60,-27.05,119.73,-28.03
13_-31 145.29,-26.95,146.42,-27.94
-13_-32 118.50,-27.94,119.63,-28.91
13_-32 145.40,-27.84,146.54,-28.82
-13_-33 118.38,-28.82,119.53,-29.80
13_-33 145.50,-28.72,146.65,-29.71
-13_-34 118.27,-29.71,119.43,-30.69
13_-34 145.62,-29.61,146.77,-30.60
-13_-35 118.16,-30.60,119.32,-31.58
13_-35 145.73,-30.50,146.90,-31.48
-13_-36 118.04,-31.48,119.22,-32.47
13_-36 145.84,-31.38,147.02,-32.37
-13_-37 117.93,-32.37,119.11,-33.36
13_-37 145.96,-32.27,147.15,-33.26
-13_-38 117.81,-33.26,119.00,-34.25
13_-38 146.07,-33.16,147.28,-34.15
-13_-39 117.68,-34.15,118.89,-35.14
13_-39 146.19,-34.05,147.41,-35.04
-1_-34 130.94,-30.32,132.00,-31.22
1_-34 133.05,-30.31,134.12,-31.22
-13_-40 117.56,-35.04,118.78,-36.04
13_-40 146.32,-34.94,147.54,-35.94
-13_-41 117.43,-35.94,118.66,-36.93
13_-41 146.44,-35.83,147.68,-36.84
-13_-42 117.31,-36.84,118.55,-37.83
13_-42 146.57,-36.73,147.81,-37.73
13_-43 146.69,-37.63,147.95,-38.64
13_-44 146.83,-38.53,148.10,-39.54
13_-45 146.96,-39.43,148.24,-40.45
13_-46 147.09,-40.34,148.39,-41.36
13_-47 147.23,-41.25,148.54,-42.28
13_-48 147.37,-42.16,148.70,-43.20
13_-49 147.51,-43.08,148.85,-44.12
-1_-35 130.93,-31.22,132.00,-32.11
1_-35 133.06,-31.20,134.14,-32.11
13_-50 147.66,-44.01,149.01,-45.06
13_-51 147.81,-44.94,149.17,-45.99
-1_-36 130.92,-32.11,132.00,-33.01
1_-36 133.07,-32.10,134.16,-33.00
-1_-37 130.91,-33.00,132.00,-33.90
1_-37 133.08,-32.99,134.17,-33.90
-1_-38 130.90,-33.90,132.00,-34.80
1_-38 133.09,-33.89,134.19,-34.80
-1_-39 130.89,-34.80,132.00,-35.70
1_-39 133.10,-34.79,134.21,-35.70
1_-40 133.11,-35.69,134.23,-36.60
1_-41 133.12,-36.59,134.25,-37.50
-14_-11 119.58,-8.92,120.54,-9.94
14_-11 144.34,-8.83,145.30,-9.85
-14_-12 119.49,-9.85,120.46,-10.86
14_-12 144.42,-9.75,145.40,-10.77
-14_-13 119.40,-10.77,120.38,-11.78
14_-13 144.51,-10.68,145.49,-11.69
14_-14 144.60,-11.60,145.59,-12.61
-14_-15 119.22,-12.61,120.21,-13.61
14_-15 144.69,-12.51,145.68,-13.52
-14_-16 119.13,-13.52,120.13,-14.52
14_-16 144.78,-13.43,145.78,-14.43
-14_-17 119.04,-14.43,120.05,-15.43
14_-17 144.87,-14.34,145.88,-15.34
-14_-18 118.94,-15.34,119.96,-16.33
14_-18 144.96,-15.24,145.98,-16.24
-14_-19 118.85,-16.24,119.87,-17.24
14_-19 145.06,-16.15,146.08,-17.15
-14_-20 118.75,-17.15,119.78,-18.14
14_-20 145.15,-17.05,146.19,-18.05
-14_-21 118.65,-18.05,119.69,-19.03
14_-21 145.25,-17.95,146.29,-18.94
-14_-22 118.55,-18.94,119.60,-19.93
14_-22 145.35,-18.85,146.40,-19.84
-14_-23 118.45,-19.84,119.51,-20.82
14_-23 145.45,-19.74,146.51,-20.73
-14_-24 118.35,-20.73,119.41,-21.72
14_-24 145.55,-20.63,146.62,-21.63
-14_-25 118.24,-21.63,119.32,-22.61
14_-25 145.65,-21.53,146.73,-22.52
-14_-26 118.14,-22.52,119.22,-23.50
14_-26 145.76,-22.42,146.84,-23.40
-14_-27 118.03,-23.40,119.12,-24.39
14_-27 145.86,-23.30,146.96,-24.29
-14_-28 117.92,-24.29,119.02,-25.27
14_-28 145.97,-24.19,147.08,-25.18
-14_-29 117.81,-25.18,118.92,-26.16
14_-29 146.08,-25.08,147.19,-26.07
-14_-30 117.70,-26.07,118.82,-27.05
14_-30 146.19,-25.96,147.32,-26.95
-14_-31 117.58,-26.95,118.71,-27.94
14_-31 146.30,-26.85,147.44,-27.84
-14_-32 117.46,-27.84,118.60,-28.82
14_-32 146.42,-27.73,147.56,-28.72
-14_-33 117.35,-28.72,118.50,-29.71
14_-33 146.54,-28.62,147.69,-29.61
-14_-34 117.23,-29.61,118.38,-30.60
14_-34 146.65,-29.50,147.82,-30.50
-14_-35 117.10,-30.50,118.27,-31.48
14_-35 146.77,-30.39,147.95,-31.38
-14_-36 116.98,-31.38,118.16,-32.37
14_-36 146.90,-31.28,148.08,-32.27
-14_-37 116.85,-32.27,118.04,-33.26
14_-37 147.02,-32.16,148.22,-33.16
-14_-38 116.72,-33.16,117.93,-34.15
14_-38 147.15,-33.05,148.36,-34.05
-14_-39 116.59,-34.05,117.81,-35.04
14_-39 147.28,-33.94,148.50,-34.94
-14_-40 116.46,-34.94,117.68,-35.94
14_-40 147.41,-34.83,148.64,-35.83
-14_-41 116.32,-35.83,117.56,-36.84
14_-41 147.54,-35.72,148.78,-36.73
-14_-42 116.19,-36.73,117.43,-37.73
14_-42 147.68,-36.61,148.93,-37.63
14_-43 147.81,-37.51,149.08,-38.53
14_-44 147.95,-38.41,149.23,-39.43
14_-45 148.10,-39.31,149.39,-40.34
14_-46 148.24,-40.22,149.55,-41.25
14_-47 148.39,-41.13,149.71,-42.16
14_-48 148.54,-42.04,149.87,-43.08
14_-49 148.70,-42.96,150.04,-44.01
14_-50 148.85,-43.88,150.21,-44.94
-15_-11 118.70,-8.83,119.66,-9.85
15_-11 145.21,-8.73,146.18,-9.75
-15_-12 118.60,-9.75,119.58,-10.77
15_-12 145.30,-9.65,146.28,-10.68
-15_-13 118.51,-10.68,119.49,-11.69
15_-13 145.40,-10.58,146.38,-11.60
15_-14 145.49,-11.50,146.48,-12.51
-15_-15 118.32,-12.51,119.31,-13.52
15_-15 145.59,-12.41,146.59,-13.43
-15_-16 118.22,-13.43,119.22,-14.43
15_-16 145.68,-13.33,146.69,-14.34
-15_-17 118.12,-14.34,119.13,-15.34
15_-17 145.78,-14.24,146.80,-15.24
-15_-18 118.02,-15.24,119.04,-16.24
15_-18 145.88,-15.14,146.90,-16.15
-15_-19 117.92,-16.15,118.94,-17.15
15_-19 145.98,-16.05,147.01,-17.05
-15_-20 117.81,-17.05,118.85,-18.05
15_-20 146.08,-16.95,147.12,-17.95
-15_-21 117.71,-17.95,118.75,-18.94
15_-21 146.19,-17.85,147.24,-18.85
-15_-22 117.60,-18.85,118.65,-19.84
15_-22 146.29,-18.74,147.35,-19.74
-15_-23 117.49,-19.74,118.55,-20.73
15_-23 146.40,-19.64,147.47,-20.63
-15_-24 117.38,-20.63,118.45,-21.63
15_-24 146.51,-20.53,147.58,-21.53
-15_-25 117.27,-21.53,118.35,-22.52
15_-25 146.62,-21.42,147.70,-22.42
-15_-26 117.16,-22.42,118.24,-23.40
15_-26 146.73,-22.31,147.82,-23.30
-15_-27 117.04,-23.30,118.14,-24.29
15_-27 146.84,-23.20,147.95,-24.19
-15_-28 116.92,-24.19,118.03,-25.18
15_-28 146.96,-24.08,148.07,-25.08
-15_-29 116.81,-25.08,117.92,-26.07
15_-29 147.08,-24.97,148.20,-25.96
-15_-30 116.68,-25.96,117.81,-26.95
15_-30 147.19,-25.86,148.33,-26.85
-15_-31 116.56,-26.85,117.70,-27.84
15_-31 147.32,-26.74,148.46,-27.73
-15_-32 116.44,-27.73,117.58,-28.72
15_-32 147.44,-27.62,148.59,-28.62
-15_-33 116.31,-28.62,117.46,-29.61
15_-33 147.56,-28.51,148.72,-29.50
-15_-34 116.18,-29.50,117.35,-30.50
15_-34 147.69,-29.39,148.86,-30.39
-15_-35 116.05,-30.39,117.23,-31.38
15_-35 147.82,-30.28,149.00,-31.28
-15_-36 115.92,-31.28,117.10,-32.27
15_-36 147.95,-31.16,149.14,-32.16
-15_-37 115.78,-32.16,116.98,-33.16
15_-37 148.08,-32.05,149.29,-33.05
-15_-38 115.64,-33.05,116.85,-34.05
15_-38 148.22,-32.93,149.43,-33.94
-15_-39 115.50,-33.94,116.72,-34.94
15_-39 148.36,-33.82,149.58,-34.83
-15_-40 115.36,-34.83,116.59,-35.83
15_-40 148.50,-34.71,149.73,-35.72
-15_-41 115.22,-35.72,116.46,-36.73
15_-41 148.64,-35.60,149.89,-36.61
-15_-42 115.07,-36.61,116.32,-37.63
15_-42 148.78,-36.49,150.05,-37.51
15_-43 148.93,-37.39,150.20,-38.41
15_-44 149.08,-38.28,150.37,-39.31
15_-45 149.23,-39.18,150.53,-40.22
15_-46 149.39,-40.09,150.70,-41.13
15_-47 149.55,-41.00,150.87,-42.04
15_-48 149.71,-41.91,151.05,-42.96
15_-49 149.87,-42.82,151.22,-43.88
-16_-11 117.82,-8.73,118.79,-9.75
16_-11 146.09,-8.62,147.06,-9.65
-16_-12 117.72,-9.65,118.70,-10.68
16_-12 146.18,-9.55,147.17,-10.58
-16_-13 117.62,-10.58,118.60,-11.60
16_-13 146.28,-10.47,147.27,-11.50
16_-14 146.38,-11.39,147.38,-12.41
16_-15 146.48,-12.31,147.49,-13.33
-16_-16 117.31,-13.33,118.32,-14.34
16_-16 146.59,-13.22,147.60,-14.24
-16_-17 117.20,-14.24,118.22,-15.24
16_-17 146.69,-14.13,147.71,-15.14
-16_-18 117.10,-15.14,118.12,-16.15
16_-18 146.80,-15.03,147.83,-16.05
-16_-19 116.99,-16.05,118.02,-17.05
16_-19 146.90,-15.94,147.94,-16.95
-16_-20 116.88,-16.95,117.92,-17.95
16_-20 147.01,-16.84,148.06,-17.85
-16_-21 116.76,-17.85,117.81,-18.85
16_-21 147.12,-17.74,148.18,-18.74
-16_-22 116.65,-18.74,117.71,-19.74
16_-22 147.24,-18.63,148.30,-19.64
-16_-23 116.53,-19.64,117.60,-20.63
16_-23 147.35,-19.53,148.42,-20.53
-16_-24 116.42,-20.53,117.49,-21.53
16_-24 147.47,-20.42,148.55,-21.42
-16_-25 116.30,-21.42,117.38,-22.42
16_-25 147.58,-21.31,148.67,-22.31
-16_-26 116.18,-22.31,117.27,-23.30
16_-26 147.70,-22.20,148.80,-23.20
-16_-27 116.05,-23.20,117.16,-24.19
16_-27 147.82,-23.08,148.93,-24.08
-16_-28 115.93,-24.08,117.04,-25.08
16_-28 147.95,-23.97,149.06,-24.97
-16_-29 115.80,-24.97,116.92,-25.96
16_-29 148.07,-24.85,149.20,-25.86
-16_-30 115.67,-25.86,116.81,-26.85
16_-30 148.20,-25.74,149.33,-26.74
-16_-31 115.54,-26.74,116.68,-27.73
16_-31 148.33,-26.62,149.47,-27.62
-16_-32 115.41,-27.62,116.56,-28.62
16_-32 148.46,-27.51,149.61,-28.51
-16_-33 115.28,-28.51,116.44,-29.50
16_-33 148.59,-28.39,149.76,-29.39
-16_-34 115.14,-29.39,116.31,-30.39
16_-34 148.72,-29.27,149.90,-30.28
-16_-35 115.00,-30.28,116.18,-31.28
16_-35 148.86,-30.15,150.05,-31.16
-16_-36 114.86,-31.16,116.05,-32.16
16_-36 149.00,-31.04,150.20,-32.05
-16_-37 114.71,-32.05,115.92,-33.05
16_-37 149.14,-31.92,150.35,-32.93
-16_-38 114.57,-32.93,115.78,-33.94
16_-38 149.29,-32.81,150.51,-33.82
-16_-39 114.42,-33.82,115.64,-34.83
16_-39 149.43,-33.69,150.67,-34.71
-16_-40 114.27,-34.71,115.50,-35.72
16_-40 149.58,-34.58,150.83,-35.60
-16_-41 114.11,-35.60,115.36,-36.61
16_-41 149.73,-35.47,150.99,-36.49
-16_-42 113.95,-36.49,115.22,-37.51
16_-42 149.89,-36.36,151.16,-37.39
16_-43 150.05,-37.26,151.33,-38.28
16_-44 150.20,-38.15,151.50,-39.18
16_-45 150.37,-39.05,151.67,-40.09
16_-46 150.53,-39.95,151.85,-41.00
17_-11 146.96,-8.51,147.94,-9.55
-17_-12 116.83,-9.55,117.82,-10.58
17_-12 147.06,-9.44,148.05,-10.47
-17_-13 116.73,-10.47,117.72,-11.50
17_-13 147.17,-10.36,148.16,-11.39
-17_-16 116.40,-13.22,117.41,-14.24
17_-16 147.49,-13.10,148.51,-14.13
-17_-17 116.29,-14.13,117.31,-15.14
17_-17 147.60,-14.01,148.63,-15.03
-17_-18 116.17,-15.03,117.20,-16.05
17_-18 147.71,-14.92,148.75,-15.94
-17_-19 116.06,-15.94,117.10,-16.95
17_-19 147.83,-15.82,148.87,-16.84
-17_-20 115.94,-16.84,116.99,-17.85
17_-20 147.94,-16.72,148.99,-17.74
-17_-21 115.82,-17.74,116.88,-18.74
17_-21 148.06,-17.62,149.12,-18.63
-17_-22 115.70,-18.63,116.76,-19.64
17_-22 148.18,-18.51,149.25,-19.53
-17_-23 115.58,-19.53,116.65,-20.53
17_-23 148.30,-19.41,149.38,-20.42
-17_-24 115.45,-20.42,116.53,-21.42
17_-24 148.42,-20.30,149.51,-21.31
-17_-25 115.33,-21.31,116.42,-22.31
17_-25 148.55,-21.19,149.64,-22.20
-17_-26 115.20,-22.20,116.30,-23.20
17_-26 148.67,-22.08,149.78,-23.08
-17_-27 115.07,-23.08,116.18,-24.08
17_-27 148.80,-22.96,149.91,-23.97
-17_-28 114.94,-23.97,116.05,-24.97
17_-28 148.93,-23.85,150.05,-24.85
-17_-29 114.80,-24.85,115.93,-25.86
17_-29 149.06,-24.73,150.20,-25.74
-17_-30 114.67,-25.74,115.80,-26.74
17_-30 149.20,-25.62,150.34,-26.62
-17_-31 114.53,-26.62,115.67,-27.62
17_-31 149.33,-26.50,150.49,-27.51
-17_-32 114.39,-27.51,115.54,-28.51
17_-32 149.47,-27.38,150.64,-28.39
-17_-33 114.24,-28.39,115.41,-29.39
17_-33 149.61,-28.26,150.79,-29.27
-17_-34 114.10,-29.27,115.28,-30.28
17_-34 149.76,-29.14,150.94,-30.15
-17_-35 113.95,-30.15,115.14,-31.16
17_-35 149.90,-30.03,151.10,-31.04
-17_-36 113.80,-31.04,115.00,-32.05
17_-36 150.05,-30.91,151.26,-31.92
-17_-37 113.65,-31.92,114.86,-32.93
17_-37 150.20,-31.79,151.42,-32.81
-17_-38 113.49,-32.81,114.71,-33.82
17_-38 150.35,-32.68,151.58,-33.69
-17_-39 113.33,-33.69,114.57,-34.71
17_-39 150.51,-33.56,151.75,-34.58
-17_-40 113.17,-34.58,114.42,-35.60
17_-40 150.67,-34.45,151.92,-35.47
-17_-41 113.01,-35.47,114.27,-36.49
17_-41 150.83,-35.34,152.09,-36.36
17_-42 150.99,-36.22,152.27,-37.26
17_-43 151.16,-37.12,152.44,-38.15
17_-44 151.33,-38.01,152.63,-39.05
18_-11 147.83,-8.39,148.82,-9.44
18_-12 147.94,-9.32,148.93,-10.36
18_-13 148.05,-10.24,149.05,-11.28
18_-14 148.16,-11.16,149.17,-12.19
18_-16 148.39,-12.98,149.41,-14.01
18_-17 148.51,-13.89,149.54,-14.92
18_-18 148.63,-14.80,149.67,-15.82
18_-19 148.75,-15.70,149.80,-16.72
-18_-20 115.01,-16.72,116.06,-17.74
18_-20 148.87,-16.60,149.93,-17.62
-18_-21 114.88,-17.62,115.94,-18.63
18_-21 148.99,-17.50,150.06,-18.51
-18_-22 114.75,-18.51,115.82,-19.53
18_-22 149.12,-18.39,150.19,-19.41
-18_-23 114.62,-19.41,115.70,-20.42
18_-23 149.25,-19.28,150.33,-20.30
-18_-24 114.49,-20.30,115.58,-21.31
18_-24 149.38,-20.17,150.47,-21.19
-18_-25 114.36,-21.19,115.45,-22.20
18_-25 149.51,-21.06,150.61,-22.08
-18_-26 114.22,-22.08,115.33,-23.08
18_-26 149.64,-21.95,150.75,-22.96
-18_-27 114.09,-22.96,115.20,-23.97
18_-27 149.78,-22.84,150.90,-23.85
-18_-28 113.95,-23.85,115.07,-24.85
18_-28 149.91,-23.72,151.04,-24.73
-18_-29 113.80,-24.73,114.94,-25.74
18_-29 150.05,-24.60,151.19,-25.62
-18_-30 113.66,-25.62,114.80,-26.62
18_-30 150.20,-25.49,151.34,-26.50
-18_-31 113.51,-26.50,114.67,-27.51
18_-31 150.34,-26.37,151.50,-27.38
-18_-32 113.36,-27.38,114.53,-28.39
18_-32 150.49,-27.25,151.66,-28.26
-18_-33 113.21,-28.26,114.39,-29.27
18_-33 150.64,-28.13,151.81,-29.14
-18_-34 113.06,-29.14,114.24,-30.15
18_-34 150.79,-29.01,151.98,-30.03
-18_-35 112.90,-30.03,114.10,-31.04
18_-35 150.94,-29.89,152.14,-30.91
-18_-36 112.74,-30.91,113.95,-31.92
18_-36 151.10,-30.77,152.31,-31.79
18_-37 151.26,-31.65,152.48,-32.68
-18_-38 112.42,-32.68,113.65,-33.69
18_-38 151.42,-32.54,152.65,-33.56
-18_-39 112.25,-33.56,113.49,-34.58
18_-39 151.58,-33.42,152.83,-34.45
-18_-40 112.08,-34.45,113.33,-35.47
18_-40 151.75,-34.31,153.00,-35.34
18_-41 151.92,-35.19,153.19,-36.22
19_-11 148.70,-8.26,149.69,-9.32
19_-12 148.82,-9.19,149.81,-10.24
19_-13 148.93,-10.11,149.94,-11.16
19_-14 149.05,-11.03,150.06,-12.07
19_-15 149.17,-11.95,150.19,-12.98
19_-16 149.29,-12.86,150.32,-13.89
19_-17 149.41,-13.76,150.45,-14.80
19_-18 149.54,-14.67,150.58,-15.70
19_-19 149.67,-15.57,150.72,-16.60
-19_-20 114.07,-16.60,115.13,-17.62
19_-20 149.80,-16.47,150.86,-17.50
-19_-21 113.94,-17.50,115.01,-18.51
19_-21 149.93,-17.37,151.00,-18.39
-19_-22 113.81,-18.39,114.88,-19.41
19_-22 150.06,-18.26,151.14,-19.28
-19_-23 113.67,-19.28,114.75,-20.30
19_-23 150.19,-19.15,151.28,-20.17
-19_-24 113.53,-20.17,114.62,-21.19
19_-24 150.33,-20.04,151.43,-21.06
-19_-25 113.39,-21.06,114.49,-22.08
19_-25 150.47,-20.93,151.57,-21.95
-19_-26 113.25,-21.95,114.36,-22.96
19_-26 150.61,-21.82,151.72,-22.84
-19_-27 113.10,-22.84,114.22,-23.85
19_-27 150.75,-22.70,151.87,-23.72
-19_-28 112.96,-23.72,114.09,-24.73
19_-28 150.90,-23.58,152.03,-24.60
-19_-29 112.81,-24.60,113.95,-25.62
19_-29 151.04,-24.47,152.19,-25.49
-19_-30 112.66,-25.49,113.80,-26.50
19_-30 151.19,-25.35,152.35,-26.37
-19_-31 112.50,-26.37,113.66,-27.38
19_-31 151.34,-26.23,152.51,-27.25
-19_-32 112.34,-27.25,113.51,-28.26
19_-32 151.50,-27.11,152.67,-28.13
-19_-33 112.19,-28.13,113.36,-29.14
19_-33 151.66,-27.99,152.84,-29.01
-19_-34 112.02,-29.01,113.21,-30.03
19_-34 151.81,-28.87,153.01,-29.89
-19_-35 111.86,-29.89,113.06,-30.91
19_-35 151.98,-29.75,153.18,-30.77
-19_-36 111.69,-30.77,112.90,-31.79
19_-36 152.14,-30.63,153.36,-31.65
19_-37 152.31,-31.51,153.54,-32.54
19_-38 152.48,-32.39,153.72,-33.42
19_-39 152.65,-33.27,153.90,-34.31
19_-40 152.83,-34.16,154.09,-35.19
19_-41 153.00,-35.04,154.28,-36.08
20_-11 149.57,-8.13,150.56,-9.19
20_-12 149.69,-9.06,150.69,-10.11
20_-13 149.81,-9.98,150.82,-11.03
20_-14 149.94,-10.90,150.95,-11.95
20_-15 150.06,-11.81,151.09,-12.86
20_-16 150.19,-12.72,151.22,-13.76
20_-17 150.32,-13.63,151.36,-14.67
20_-18 150.45,-14.53,151.50,-15.57
20_-19 150.58,-15.44,151.64,-16.47
20_-20 150.72,-16.33,151.78,-17.37
20_-21 150.86,-17.23,151.93,-18.26
-20_-22 112.86,-18.26,113.94,-19.28
20_-22 151.00,-18.12,152.08,-19.15
-20_-23 112.72,-19.15,113.81,-20.17
20_-23 151.14,-19.01,152.23,-20.04
-20_-24 112.57,-20.04,113.67,-21.06
20_-24 151.28,-19.90,152.38,-20.93
-20_-25 112.43,-20.93,113.53,-21.95
20_-25 151.43,-20.79,152.54,-21.82
-20_-26 112.28,-21.82,113.39,-22.84
20_-26 151.57,-21.68,152.69,-22.70
-20_-27 112.13,-22.70,113.25,-23.72
20_-27 151.72,-22.56,152.85,-23.58
-20_-28 111.97,-23.58,113.10,-24.60
20_-28 151.87,-23.44,153.01,-24.47
-20_-29 111.81,-24.47,112.96,-25.49
20_-29 152.03,-24.32,153.18,-25.35
-20_-30 111.65,-25.35,112.81,-26.37
20_-30 152.19,-25.21,153.34,-26.23
-20_-31 111.49,-26.23,112.66,-27.25
20_-31 152.35,-26.08,153.51,-27.11
-20_-32 111.33,-27.11,112.50,-28.13
20_-32 152.51,-26.96,153.69,-27.99
-20_-33 111.16,-27.99,112.34,-29.01
20_-33 152.67,-27.84,153.86,-28.87
-20_-34 110.99,-28.87,112.19,-29.89
20_-34 152.84,-28.72,154.04,-29.75
-20_-35 110.82,-29.75,112.02,-30.77
20_-35 153.01,-29.60,154.22,-30.63
20_-36 153.18,-30.48,154.40,-31.51
20_-37 153.36,-31.36,154.59,-32.39
20_-38 153.54,-32.24,154.78,-33.27
20_-39 153.72,-33.12,154.97,-34.16
20_-40 153.90,-34.00,155.17,-35.04
-2_-10 130.23,-8.60,131.12,-9.55
2_-10 133.76,-8.59,134.65,-9.54
-2_-11 130.22,-9.54,131.12,-10.48
2_-11 133.77,-9.52,134.67,-10.47
21_-12 150.56,-8.92,151.57,-9.98
21_-13 150.69,-9.84,151.70,-10.90
21_-14 150.82,-10.76,151.84,-11.81
21_-15 150.95,-11.67,151.98,-12.72
21_-16 151.09,-12.58,152.12,-13.63
21_-18 151.36,-14.39,152.41,-15.44
21_-19 151.50,-15.29,152.56,-16.33
-2_-12 130.21,-10.47,131.11,-11.40
2_-12 133.78,-10.45,134.69,-11.39
21_-20 151.64,-16.19,152.71,-17.23
21_-21 151.78,-17.09,152.86,-18.12
-21_-22 111.92,-18.12,113.00,-19.15
21_-22 151.93,-17.98,153.02,-19.01
-21_-23 111.77,-19.01,112.86,-20.04
21_-23 152.08,-18.87,153.17,-19.90
-21_-24 111.62,-19.90,112.72,-20.93
21_-24 152.23,-19.76,153.33,-20.79
-21_-25 111.46,-20.79,112.57,-21.82
21_-25 152.38,-20.65,153.49,-21.68
-21_-26 111.31,-21.68,112.43,-22.70
21_-26 152.54,-21.53,153.66,-22.56
-21_-27 111.15,-22.56,112.28,-23.58
21_-27 152.69,-22.41,153.83,-23.44
-21_-28 110.99,-23.44,112.13,-24.47
21_-28 152.85,-23.29,153.99,-24.32
-21_-29 110.82,-24.32,111.97,-25.35
21_-29 153.01,-24.17,154.17,-25.21
-2_-13 130.19,-11.39,131.10,-12.33
2_-13 133.79,-11.38,134.71,-12.32
-21_-30 110.66,-25.21,111.81,-26.23
21_-30 153.18,-25.05,154.34,-26.08
-21_-31 110.49,-26.08,111.65,-27.11
21_-31 153.34,-25.93,154.52,-26.96
-21_-32 110.31,-26.96,111.49,-27.99
21_-32 153.51,-26.81,154.70,-27.84
-21_-33 110.14,-27.84,111.33,-28.87
21_-33 153.69,-27.69,154.88,-28.72
-21_-34 109.96,-28.72,111.16,-29.75
21_-34 153.86,-28.57,155.07,-29.60
-21_-35 109.78,-29.60,110.99,-30.63
21_-35 154.04,-29.44,155.26,-30.48
21_-36 154.22,-30.32,155.45,-31.36
21_-37 154.40,-31.20,155.64,-32.24
21_-38 154.59,-32.08,155.84,-33.12
-2_-14 130.18,-12.32,131.10,-13.24
2_-14 133.81,-12.30,134.73,-13.24
-2_-15 130.17,-13.24,131.09,-14.16
2_-15 133.82,-13.22,134.75,-14.15
-2_-16 130.16,-14.15,131.08,-15.07
2_-16 133.83,-14.13,134.77,-15.06
-2_-17 130.14,-15.06,131.08,-15.98
2_-17 133.84,-15.05,134.79,-15.97
-2_-18 130.13,-15.97,131.07,-16.89
2_-18 133.86,-15.96,134.81,-16.88
-2_-19 130.11,-16.88,131.06,-17.80
2_-19 133.87,-16.86,134.83,-17.79
-2_-20 130.10,-17.79,131.06,-18.70
2_-20 133.89,-17.77,134.85,-18.69
-2_-21 130.09,-18.69,131.05,-19.60
2_-21 133.90,-18.67,134.87,-19.59
22_-12 151.43,-8.78,152.44,-9.84
22_-13 151.57,-9.70,152.58,-10.76
22_-14 151.70,-10.61,152.73,-11.67
22_-15 151.84,-11.53,152.87,-12.58
22_-16 151.98,-12.44,153.02,-13.49
22_-18 152.27,-14.25,153.32,-15.29
22_-19 152.41,-15.15,153.48,-16.19
-2_-22 130.07,-19.59,131.04,-20.50
2_-22 133.91,-19.57,134.89,-20.49
22_-20 152.56,-16.04,153.63,-17.09
22_-21 152.71,-16.94,153.79,-17.98
22_-22 152.86,-17.83,153.95,-18.87
22_-23 153.02,-18.72,154.12,-19.76
22_-24 153.17,-19.61,154.28,-20.65
22_-25 153.33,-20.49,154.45,-21.53
22_-26 153.49,-21.38,154.62,-22.41
22_-27 153.66,-22.26,154.80,-23.29
22_-28 153.83,-23.14,154.97,-24.17
22_-29 153.99,-24.02,155.15,-25.05
-2_-23 130.06,-20.49,131.04,-21.40
2_-23 133.93,-20.47,134.91,-21.39
22_-30 154.17,-24.90,155.33,-25.93
22_-31 154.34,-25.77,155.52,-26.81
22_-32 154.52,-26.65,155.71,-27.69
22_-33 154.70,-27.53,155.90,-28.57
-22_-34 108.93,-28.57,110.14,-29.60
22_-34 154.88,-28.40,156.09,-29.44
-22_-35 108.74,-29.44,109.96,-30.48
22_-35 155.07,-29.28,156.29,-30.32
-2_-24 130.04,-21.39,131.03,-22.29
2_-24 133.94,-21.37,134.94,-22.28
-2_-25 130.03,-22.28,131.02,-23.19
2_-25 133.96,-22.26,134.96,-23.18
-2_-26 130.01,-23.18,131.01,-24.08
2_-26 133.97,-23.16,134.98,-24.07
-2_-27 130.00,-24.07,131.01,-24.97
2_-27 133.99,-24.05,135.00,-24.96
-2_-28 129.98,-24.96,131.00,-25.87
2_-28 134.00,-24.95,135.03,-25.86
-2_-29 129.96,-25.86,130.99,-26.76
2_-29 134.02,-25.84,135.05,-26.75
-2_-30 129.95,-26.75,130.98,-27.65
2_-30 134.04,-26.73,135.08,-27.64
-2_-31 129.93,-27.64,130.97,-28.54
2_-31 134.05,-27.62,135.10,-28.53
23_-12 152.30,-8.62,153.31,-9.70
23_-13 152.44,-9.55,153.46,-10.61
23_-14 152.58,-10.46,153.61,-11.53
23_-15 152.73,-11.37,153.76,-12.44
23_-16 152.87,-12.28,153.92,-13.34
-2_-32 129.91,-28.53,130.97,-29.43
2_-32 134.07,-28.51,135.13,-29.42
23_-20 153.48,-15.89,154.56,-16.94
23_-21 153.63,-16.78,154.72,-17.83
23_-22 153.79,-17.67,154.89,-18.72
23_-23 153.95,-18.56,155.06,-19.61
23_-24 154.12,-19.45,155.23,-20.49
23_-25 154.28,-20.33,155.41,-21.38
23_-26 154.45,-21.22,155.59,-22.26
23_-27 154.62,-22.10,155.77,-23.14
23_-28 154.80,-22.98,155.95,-24.02
23_-29 154.97,-23.86,156.14,-24.90
-2_-33 129.90,-29.42,130.96,-30.32
2_-33 134.09,-29.40,135.15,-30.31
23_-30 155.15,-24.73,156.33,-25.77
23_-31 155.33,-25.61,156.52,-26.65
23_-32 155.52,-26.48,156.71,-27.53
23_-33 155.71,-27.36,156.91,-28.40
-2_-34 129.88,-30.31,130.95,-31.22
2_-34 134.10,-30.29,135.18,-31.20
-2_-35 129.86,-31.20,130.94,-32.11
2_-35 134.12,-31.19,135.21,-32.10
-2_-36 129.84,-32.10,130.93,-33.00
2_-36 134.14,-32.08,135.23,-32.99
-2_-37 129.83,-32.99,130.92,-33.90
2_-37 134.16,-32.97,135.26,-33.89
-2_-38 129.81,-33.89,130.91,-34.80
2_-38 134.17,-33.87,135.29,-34.79
-2_-39 129.79,-34.79,130.90,-35.70
2_-39 134.19,-34.77,135.32,-35.69
2_-40 134.21,-35.67,135.35,-36.59
2_-41 134.23,-36.57,135.38,-37.49
24_-12 153.17,-8.47,154.18,-9.55
24_-13 153.31,-9.39,154.34,-10.46
24_-14 153.46,-10.30,154.49,-11.37
24_-15 153.61,-11.22,154.65,-12.28
24_-16 153.76,-12.12,154.81,-13.19
2_-42 134.25,-37.47,135.41,-38.40
24_-20 154.39,-15.73,155.47,-16.78
24_-21 154.56,-16.62,155.65,-17.67
24_-22 154.72,-17.51,155.82,-18.56
24_-23 154.89,-18.40,156.00,-19.45
24_-24 155.06,-19.28,156.18,-20.33
24_-25 155.23,-20.17,156.36,-21.22
24_-26 155.41,-21.05,156.54,-22.10
24_-27 155.59,-21.93,156.73,-22.98
24_-28 155.77,-22.81,156.92,-23.86
24_-29 155.95,-23.69,157.12,-24.73
24_-30 156.14,-24.56,157.31,-25.61
25_-12 154.03,-8.30,155.05,-9.39
25_-13 154.18,-9.22,155.21,-10.30
25_-14 154.34,-10.14,155.37,-11.22
25_-15 154.49,-11.05,155.54,-12.12
25_-16 154.65,-11.96,155.70,-13.03
25_-20 155.31,-15.56,156.39,-16.62
25_-21 155.47,-16.45,156.57,-17.51
25_-22 155.65,-17.34,156.75,-18.40
25_-23 155.82,-18.23,156.93,-19.28
25_-24 156.00,-19.11,157.12,-20.17
25_-27 156.54,-21.76,157.70,-22.81
25_-28 156.73,-22.63,157.89,-23.69
26_-12 154.90,-8.13,155.92,-9.22
26_-13 155.05,-9.05,156.08,-10.14
26_-14 155.21,-9.97,156.25,-11.05
26_-15 155.37,-10.88,156.42,-11.96
26_-16 155.54,-11.79,156.59,-12.86
26_-21 156.39,-16.27,157.49,-17.34
26_-22 156.57,-17.16,157.68,-18.23
27_-13 155.92,-8.88,156.95,-9.97
27_-14 156.08,-9.79,157.13,-10.88
27_-15 156.25,-10.70,157.30,-11.79
-3_-10 129.35,-8.59,130.24,-9.54
3_-10 134.63,-8.57,135.54,-9.52
-3_-11 129.33,-9.52,130.23,-10.47
3_-11 134.65,-9.50,135.56,-10.45
-3_-12 129.31,-10.45,130.22,-11.39
3_-12 134.67,-10.43,135.58,-11.38
-3_-13 129.29,-11.38,130.21,-12.32
3_-13 134.69,-11.35,135.61,-12.30
-3_-14 129.27,-12.30,130.19,-13.24
3_-14 134.71,-12.28,135.64,-13.22
-3_-15 129.25,-13.22,130.18,-14.15
3_-15 134.73,-13.20,135.66,-14.13
-3_-16 129.23,-14.13,130.17,-15.06
3_-16 134.75,-14.11,135.69,-15.05
-3_-17 129.21,-15.05,130.16,-15.97
3_-17 134.77,-15.02,135.71,-15.96
-3_-18 129.19,-15.96,130.14,-16.88
3_-18 134.79,-15.93,135.74,-16.86
-3_-19 129.17,-16.86,130.13,-17.79
3_-19 134.81,-16.84,135.77,-17.77
-3_-20 129.15,-17.77,130.11,-18.69
3_-20 134.83,-17.75,135.80,-18.67
-3_-21 129.13,-18.67,130.10,-19.59
3_-21 134.85,-18.65,135.83,-19.57
-3_-22 129.11,-19.57,130.09,-20.49
3_-22 134.87,-19.55,135.85,-20.47
-3_-23 129.09,-20.47,130.07,-21.39
3_-23 134.89,-20.45,135.88,-21.37
-3_-24 129.06,-21.37,130.06,-22.28
3_-24 134.91,-21.35,135.91,-22.26
-3_-25 129.04,-22.26,130.04,-23.18
3_-25 134.94,-22.24,135.94,-23.16
-3_-26 129.02,-23.16,130.03,-24.07
3_-26 134.96,-23.14,135.97,-24.05
-3_-27 129.00,-24.05,130.01,-24.96
3_-27 134.98,-24.03,136.01,-24.95
-3_-28 128.97,-24.95,130.00,-25.86
3_-28 135.00,-24.92,136.04,-25.84
-3_-29 128.95,-25.84,129.98,-26.75
3_-29 135.03,-25.81,136.07,-26.73
-3_-30 128.92,-26.73,129.96,-27.64
3_-30 135.05,-26.70,136.10,-27.62
-3_-31 128.90,-27.62,129.95,-28.53
3_-31 135.08,-27.60,136.14,-28.51
-3_-32 128.87,-28.51,129.93,-29.42
3_-32 135.10,-28.49,136.17,-29.40
-3_-33 128.85,-29.40,129.91,-30.31
3_-33 135.13,-29.38,136.20,-30.29
-3_-34 128.82,-30.29,129.90,-31.20
3_-34 135.15,-30.27,136.24,-31.19
-3_-35 128.79,-31.19,129.88,-32.10
3_-35 135.18,-31.16,136.27,-32.08
-3_-36 128.77,-32.08,129.86,-32.99
3_-36 135.21,-32.05,136.31,-32.97
-3_-37 128.74,-32.97,129.84,-33.89
3_-37 135.23,-32.95,136.35,-33.87
-3_-38 128.71,-33.87,129.83,-34.79
3_-38 135.26,-33.84,136.38,-34.77
3_-39 135.29,-34.74,136.42,-35.67
3_-40 135.32,-35.64,136.46,-36.57
3_-41 135.35,-36.54,136.50,-37.47
3_-42 135.38,-37.44,136.54,-38.38
3_-43 135.41,-38.35,136.58,-39.29
-4_-10 128.46,-8.57,129.37,-9.52
4_-10 135.51,-8.54,136.42,-9.50
-4_-11 128.44,-9.50,129.35,-10.45
4_-11 135.54,-9.47,136.45,-10.43
-4_-12 128.42,-10.43,129.33,-11.38
4_-12 135.56,-10.40,136.48,-11.35
-4_-13 128.39,-11.35,129.31,-12.30
4_-13 135.58,-11.33,136.51,-12.28
-4_-14 128.36,-12.28,129.29,-13.22
4_-14 135.61,-12.25,136.54,-13.20
-4_-15 128.34,-13.20,129.27,-14.13
4_-15 135.64,-13.17,136.58,-14.11
-4_-16 128.31,-14.11,129.25,-15.05
4_-16 135.66,-14.08,136.61,-15.02
-4_-17 128.29,-15.02,129.23,-15.96
4_-17 135.69,-14.99,136.64,-15.93
-4_-18 128.26,-15.93,129.21,-16.86
4_-18 135.71,-15.90,136.68,-16.84
-4_-19 128.23,-16.84,129.19,-17.77
4_-19 135.74,-16.81,136.71,-17.75
-4_-20 128.20,-17.75,129.17,-18.67
4_-20 135.77,-17.72,136.75,-18.65
-4_-21 128.17,-18.65,129.15,-19.57
4_-21 135.80,-18.62,136.78,-19.55
-4_-22 128.15,-19.55,129.13,-20.47
4_-22 135.83,-19.52,136.82,-20.45
-4_-23 128.12,-20.45,129.11,-21.37
4_-23 135.85,-20.42,136.85,-21.35
-4_-24 128.09,-21.35,129.09,-22.26
4_-24 135.88,-21.31,136.89,-22.24
-4_-25 128.06,-22.24,129.06,-23.16
4_-25 135.91,-22.21,136.93,-23.14
-4_-26 128.03,-23.14,129.04,-24.05
4_-26 135.94,-23.10,136.97,-24.03
-4_-27 127.99,-24.03,129.02,-24.95
4_-27 135.97,-24.00,137.01,-24.92
-4_-28 127.96,-24.92,129.00,-25.84
4_-28 136.01,-24.89,137.05,-25.81
-4_-29 127.93,-25.81,128.97,-26.73
4_-29 136.04,-25.78,137.09,-26.70
-4_-30 127.90,-26.70,128.95,-27.62
4_-30 136.07,-26.67,137.13,-27.60
-4_-31 127.86,-27.60,128.92,-28.51
4_-31 136.10,-27.56,137.17,-28.49
-4_-32 127.83,-28.49,128.90,-29.40
4_-32 136.14,-28.45,137.21,-29.38
-4_-33 127.80,-29.38,128.87,-30.29
4_-33 136.17,-29.34,137.25,-30.27
-4_-34 127.76,-30.27,128.85,-31.19
4_-34 136.20,-30.24,137.30,-31.16
-4_-35 127.73,-31.16,128.82,-32.08
4_-35 136.24,-31.13,137.34,-32.05
-4_-36 127.69,-32.05,128.79,-32.97
4_-36 136.27,-32.02,137.39,-32.95
-4_-37 127.65,-32.95,128.77,-33.87
4_-37 136.31,-32.91,137.43,-33.84
-4_-38 127.62,-33.84,128.74,-34.77
4_-38 136.35,-33.81,137.48,-34.74
4_-39 136.38,-34.70,137.53,-35.64
4_-40 136.42,-35.60,137.57,-36.54
4_-41 136.46,-36.50,137.62,-37.44
4_-42 136.50,-37.41,137.67,-38.35
4_-43 136.54,-38.31,137.72,-39.26
-5_-10 127.58,-8.54,128.49,-9.50
5_-10 136.39,-8.50,137.30,-9.47
-5_-11 127.55,-9.47,128.46,-10.43
5_-11 136.42,-9.44,137.34,-10.40
-5_-12 127.52,-10.40,128.44,-11.35
5_-12 136.45,-10.36,137.38,-11.33
-5_-13 127.49,-11.33,128.42,-12.28
5_-13 136.48,-11.29,137.41,-12.25
-5_-14 127.46,-12.25,128.39,-13.20
5_-14 136.51,-12.21,137.45,-13.17
-5_-15 127.42,-13.17,128.36,-14.11
5_-15 136.54,-13.13,137.49,-14.08
-5_-16 127.39,-14.08,128.34,-15.02
5_-16 136.58,-14.05,137.53,-14.99
-5_-17 127.36,-14.99,128.31,-15.93
5_-17 136.61,-14.96,137.57,-15.90
-5_-18 127.32,-15.90,128.29,-16.84
5_-18 136.64,-15.87,137.61,-16.81
-5_-19 127.29,-16.81,128.26,-17.75
5_-19 136.68,-16.77,137.65,-17.72
-5_-20 127.25,-17.72,128.23,-18.65
5_-20 136.71,-17.68,137.69,-18.62
-5_-21 127.22,-18.62,128.20,-19.55
5_-21 136.75,-18.58,137.74,-19.52
-5_-22 127.18,-19.52,128.17,-20.45
5_-22 136.78,-19.48,137.78,-20.42
-5_-23 127.15,-20.42,128.15,-21.35
5_-23 136.82,-20.38,137.82,-21.31
-5_-24 127.11,-21.31,128.12,-22.24
5_-24 136.85,-21.28,137.87,-22.21
-5_-25 127.07,-22.21,128.09,-23.14
5_-25 136.89,-22.17,137.91,-23.10
-5_-26 127.03,-23.10,128.06,-24.03
5_-26 136.93,-23.07,137.96,-24.00
-5_-27 126.99,-24.00,128.03,-24.92
5_-27 136.97,-23.96,138.01,-24.89
-5_-28 126.95,-24.89,127.99,-25.81
5_-28 137.01,-24.85,138.05,-25.78
-5_-29 126.91,-25.78,127.96,-26.70
5_-29 137.05,-25.74,138.10,-26.67
-5_-30 126.87,-26.67,127.93,-27.60
5_-30 137.09,-26.63,138.15,-27.56
-5_-31 126.83,-27.56,127.90,-28.49
5_-31 137.13,-27.52,138.20,-28.45
-5_-32 126.79,-28.45,127.86,-29.38
5_-32 137.17,-28.41,138.25,-29.34
-5_-33 126.75,-29.34,127.83,-30.27
5_-33 137.21,-29.30,138.30,-30.24
-5_-34 126.70,-30.24,127.80,-31.16
5_-34 137.25,-30.20,138.35,-31.13
-5_-35 126.66,-31.13,127.76,-32.05
5_-35 137.30,-31.09,138.41,-32.02
-5_-36 126.61,-32.02,127.73,-32.95
5_-36 137.34,-31.98,138.46,-32.91
-5_-37 126.57,-32.91,127.69,-33.84
5_-37 137.39,-32.87,138.52,-33.81
-5_-38 126.52,-33.81,127.65,-34.74
5_-38 137.43,-33.77,138.57,-34.70
5_-39 137.48,-34.66,138.63,-35.60
5_-40 137.53,-35.56,138.69,-36.50
5_-41 137.57,-36.46,138.75,-37.41
5_-42 137.62,-37.36,138.81,-38.31
5_-43 137.67,-38.27,138.87,-39.22
5_-44 137.72,-39.18,138.93,-40.13
5_-45 137.78,-40.09,138.99,-41.05
5_-46 137.83,-41.00,139.06,-41.97
-6_-10 126.70,-8.50,127.61,-9.47
6_-10 137.26,-8.46,138.18,-9.44
-6_-11 126.66,-9.44,127.58,-10.40
6_-11 137.30,-9.39,138.23,-10.36
-6_-12 126.62,-10.36,127.55,-11.33
6_-12 137.34,-10.32,138.27,-11.29
-6_-13 126.59,-11.29,127.52,-12.25
6_-13 137.38,-11.25,138.31,-12.21
-6_-14 126.55,-12.21,127.49,-13.17
6_-14 137.41,-12.17,138.36,-13.13
-6_-15 126.51,-13.13,127.46,-14.08
6_-15 137.45,-13.09,138.40,-14.05
-6_-16 126.47,-14.05,127.42,-14.99
6_-16 137.49,-14.00,138.45,-14.96
-6_-17 126.43,-14.96,127.39,-15.90
6_-17 137.53,-14.92,138.50,-15.87
-6_-18 126.39,-15.87,127.36,-16.81
6_-18 137.57,-15.83,138.54,-16.77
-6_-19 126.35,-16.77,127.32,-17.72
6_-19 137.61,-16.73,138.59,-17.68
-6_-20 126.31,-17.68,127.29,-18.62
6_-20 137.65,-17.64,138.64,-18.58
-6_-21 126.26,-18.58,127.25,-19.52
6_-21 137.69,-18.54,138.69,-19.48
-6_-22 126.22,-19.48,127.22,-20.42
6_-22 137.74,-19.44,138.74,-20.38
-6_-23 126.18,-20.38,127.18,-21.31
6_-23 137.78,-20.34,138.79,-21.28
-6_-24 126.13,-21.28,127.15,-22.21
6_-24 137.82,-21.23,138.85,-22.17
-6_-25 126.09,-22.17,127.11,-23.10
6_-25 137.87,-22.13,138.90,-23.07
-6_-26 126.04,-23.07,127.07,-24.00
6_-26 137.91,-23.02,138.95,-23.96
-6_-27 125.99,-23.96,127.03,-24.89
6_-27 137.96,-23.91,139.01,-24.85
-6_-28 125.95,-24.85,126.99,-25.78
6_-28 138.01,-24.81,139.06,-25.74
-6_-29 125.90,-25.74,126.95,-26.67
6_-29 138.05,-25.70,139.12,-26.63
-6_-30 125.85,-26.63,126.91,-27.56
6_-30 138.10,-26.59,139.17,-27.52
-6_-31 125.80,-27.52,126.87,-28.45
6_-31 138.15,-27.48,139.23,-28.41
-6_-32 125.75,-28.41,126.83,-29.34
6_-32 138.20,-28.37,139.29,-29.30
-6_-33 125.70,-29.30,126.79,-30.24
6_-33 138.25,-29.26,139.35,-30.20
-6_-34 125.65,-30.20,126.75,-31.13
6_-34 138.30,-30.15,139.41,-31.09
-6_-35 125.59,-31.09,126.70,-32.02
6_-35 138.35,-31.04,139.47,-31.98
-6_-36 125.54,-31.98,126.66,-32.91
6_-36 138.41,-31.93,139.54,-32.87
-6_-37 125.48,-32.87,126.61,-33.81
6_-37 138.46,-32.82,139.60,-33.77
-6_-38 125.43,-33.77,126.57,-34.70
6_-38 138.52,-33.72,139.67,-34.66
-6_-39 125.37,-34.66,126.52,-35.60
6_-39 138.57,-34.61,139.73,-35.56
-6_-40 125.31,-35.56,126.47,-36.50
6_-40 138.63,-35.51,139.80,-36.46
6_-41 138.69,-36.41,139.87,-37.36
6_-42 138.75,-37.31,139.94,-38.27
6_-43 138.81,-38.22,140.01,-39.18
6_-44 138.87,-39.12,140.08,-40.09
6_-45 138.93,-40.03,140.15,-41.00
6_-46 138.99,-40.95,140.23,-41.92
-7_-10 125.82,-8.46,126.74,-9.44
7_-10 138.14,-8.41,139.06,-9.39
-7_-11 125.77,-9.39,126.70,-10.36
7_-11 138.18,-9.34,139.11,-10.32
-7_-12 125.73,-10.32,126.66,-11.29
7_-12 138.23,-10.27,139.16,-11.25
-7_-13 125.69,-11.25,126.62,-12.21
7_-13 138.27,-11.20,139.21,-12.17
-7_-14 125.64,-12.17,126.59,-13.13
7_-14 138.31,-12.12,139.27,-13.09
-7_-15 125.60,-13.09,126.55,-14.05
7_-15 138.36,-13.04,139.32,-14.00
-7_-16 125.55,-14.00,126.51,-14.96
7_-16 138.40,-13.95,139.37,-14.92
-7_-17 125.50,-14.92,126.47,-15.87
7_-17 138.45,-14.87,139.42,-15.83
-7_-18 125.46,-15.83,126.43,-16.77
7_-18 138.50,-15.78,139.48,-16.73
-7_-19 125.41,-16.73,126.39,-17.68
7_-19 138.54,-16.68,139.53,-17.64
-7_-20 125.36,-17.64,126.35,-18.58
7_-20 138.59,-17.59,139.59,-18.54
-7_-21 125.31,-18.54,126.31,-19.48
7_-21 138.64,-18.49,139.65,-19.44
-7_-22 125.26,-19.44,126.26,-20.38
7_-22 138.69,-19.39,139.70,-20.34
-7_-23 125.21,-20.34,126.22,-21.28
7_-23 138.74,-20.29,139.76,-21.23
-7_-24 125.15,-21.23,126.18,-22.17
7_-24 138.79,-21.18,139.82,-22.13
-7_-25 125.10,-22.13,126.13,-23.07
7_-25 138.85,-22.08,139.88,-23.02
-7_-26 125.05,-23.02,126.09,-23.96
7_-26 138.90,-22.97,139.94,-23.91
-7_-27 124.99,-23.91,126.04,-24.85
7_-27 138.95,-23.86,140.00,-24.81
-7_-28 124.94,-24.81,125.99,-25.74
7_-28 139.01,-24.75,140.07,-25.70
-7_-29 124.88,-25.70,125.95,-26.63
7_-29 139.06,-25.64,140.13,-26.59
-7_-30 124.83,-26.59,125.90,-27.52
7_-30 139.12,-26.53,140.20,-27.48
-7_-31 124.77,-27.48,125.85,-28.41
7_-31 139.17,-27.42,140.26,-28.37
-7_-32 124.71,-28.37,125.80,-29.30
7_-32 139.23,-28.31,140.33,-29.26
-7_-33 124.65,-29.26,125.75,-30.20
7_-33 139.29,-29.20,140.40,-30.15
-7_-34 124.59,-30.15,125.70,-31.09
7_-34 139.35,-30.09,140.47,-31.04
-7_-35 124.53,-31.04,125.65,-31.98
7_-35 139.41,-30.98,140.54,-31.93
-7_-36 124.46,-31.93,125.59,-32.87
7_-36 139.47,-31.87,140.61,-32.82
-7_-37 124.40,-32.82,125.54,-33.77
7_-37 139.54,-32.77,140.68,-33.72
-7_-38 124.33,-33.72,125.48,-34.66
7_-38 139.60,-33.66,140.76,-34.61
-7_-39 124.27,-34.61,125.43,-35.56
7_-39 139.67,-34.55,140.83,-35.51
-7_-40 124.20,-35.51,125.37,-36.46
7_-40 139.73,-35.45,140.91,-36.41
7_-41 139.80,-36.35,140.99,-37.31
7_-42 139.87,-37.25,141.07,-38.22
7_-43 139.94,-38.16,141.15,-39.12
7_-44 140.01,-39.06,141.23,-40.03
7_-45 140.08,-39.97,141.32,-40.95
7_-46 140.15,-40.89,141.40,-41.87
-8_-10 124.94,-8.41,125.86,-9.39
8_-10 139.02,-8.36,139.95,-9.34
-8_-11 124.89,-9.34,125.82,-10.32
8_-11 139.06,-9.29,140.00,-10.27
-8_-12 124.84,-10.27,125.77,-11.25
8_-12 139.11,-10.22,140.06,-11.20
-8_-13 124.79,-11.20,125.73,-12.17
8_-13 139.16,-11.14,140.11,-12.12
-8_-14 124.73,-12.12,125.69,-13.09
8_-14 139.21,-12.07,140.17,-13.04
-8_-15 124.68,-13.04,125.64,-14.00
8_-15 139.27,-12.98,140.23,-13.95
-8_-16 124.63,-13.95,125.60,-14.92
8_-16 139.32,-13.90,140.29,-14.87
-8_-17 124.58,-14.87,125.55,-15.83
8_-17 139.37,-14.81,140.35,-15.78
-8_-18 124.52,-15.78,125.50,-16.73
8_-18 139.42,-15.72,140.41,-16.68
-8_-19 124.47,-16.68,125.46,-17.64
8_-19 139.48,-16.63,140.47,-17.59
-8_-20 124.41,-17.59,125.41,-18.54
8_-20 139.53,-17.53,140.53,-18.49
-8_-21 124.35,-18.49,125.36,-19.44
8_-21 139.59,-18.43,140.60,-19.39
-8_-22 124.30,-19.39,125.31,-20.34
8_-22 139.65,-19.33,140.66,-20.29
-8_-23 124.24,-20.29,125.26,-21.23
8_-23 139.70,-20.23,140.73,-21.18
-8_-24 124.18,-21.18,125.21,-22.13
8_-24 139.76,-21.12,140.80,-22.08
-8_-25 124.12,-22.08,125.15,-23.02
8_-25 139.82,-22.02,140.86,-22.97
-8_-26 124.06,-22.97,125.10,-23.91
8_-26 139.88,-22.91,140.93,-23.86
-8_-27 124.00,-23.86,125.05,-24.81
8_-27 139.94,-23.80,141.00,-24.75
-8_-28 123.93,-24.75,124.99,-25.70
8_-28 140.00,-24.69,141.07,-25.64
-8_-29 123.87,-25.64,124.94,-26.59
8_-29 140.07,-25.58,141.14,-26.53
-8_-30 123.80,-26.53,124.88,-27.48
8_-30 140.13,-26.47,141.22,-27.42
-8_-31 123.74,-27.42,124.83,-28.37
8_-31 140.20,-27.36,141.29,-28.31
-8_-32 123.67,-28.31,124.77,-29.26
8_-32 140.26,-28.25,141.37,-29.20
-8_-33 123.60,-29.20,124.71,-30.15
8_-33 140.33,-29.14,141.44,-30.09
-8_-34 123.53,-30.09,124.65,-31.04
8_-34 140.40,-30.03,141.52,-30.98
-8_-35 123.46,-30.98,124.59,-31.93
8_-35 140.47,-30.92,141.60,-31.87
-8_-36 123.39,-31.87,124.53,-32.82
8_-36 140.54,-31.81,141.68,-32.77
-8_-37 123.32,-32.77,124.46,-33.72
8_-37 140.61,-32.70,141.76,-33.66
-8_-38 123.24,-33.66,124.40,-34.61
8_-38 140.68,-33.60,141.85,-34.55
-8_-39 123.17,-34.55,124.33,-35.51
8_-39 140.76,-34.49,141.93,-35.45
-8_-40 123.09,-35.45,124.27,-36.41
8_-40 140.83,-35.39,142.02,-36.35
-8_-41 123.01,-36.35,124.20,-37.31
8_-41 140.91,-36.28,142.11,-37.25
8_-42 140.99,-37.18,142.20,-38.16
8_-43 141.07,-38.09,142.29,-39.06
8_-44 141.15,-38.99,142.38,-39.97
8_-45 141.23,-39.90,142.47,-40.89
8_-46 141.32,-40.82,142.57,-41.80
8_-47 141.40,-41.73,142.67,-42.73
8_-48 141.49,-42.65,142.77,-43.65
8_-49 141.58,-43.58,142.87,-44.59
-9_-10 124.05,-8.36,124.98,-9.34
9_-10 139.89,-8.30,140.83,-9.29
-9_-11 124.00,-9.29,124.94,-10.27
9_-11 139.95,-9.23,140.89,-10.22
-9_-12 123.94,-10.22,124.89,-11.20
9_-12 140.00,-10.16,140.95,-11.14
-9_-13 123.89,-11.14,124.84,-12.12
9_-13 140.06,-11.08,141.01,-12.07
-9_-14 123.83,-12.07,124.79,-13.04
9_-14 140.11,-12.00,141.08,-12.98
-9_-15 123.77,-12.98,124.73,-13.95
9_-15 140.17,-12.92,141.14,-13.90
-9_-16 123.71,-13.90,124.68,-14.87
9_-16 140.23,-13.84,141.21,-14.81
-9_-17 123.65,-14.81,124.63,-15.78
9_-17 140.29,-14.75,141.27,-15.72
-9_-18 123.59,-15.72,124.58,-16.68
9_-18 140.35,-15.66,141.34,-16.63
-9_-19 123.53,-16.63,124.52,-17.59
9_-19 140.41,-16.56,141.41,-17.53
-9_-20 123.47,-17.53,124.47,-18.49
9_-20 140.47,-17.47,141.48,-18.43
-9_-21 123.40,-18.43,124.41,-19.39
9_-21 140.53,-18.37,141.55,-19.33
-9_-22 123.34,-19.33,124.35,-20.29
9_-22 140.60,-19.27,141.62,-20.23
-9_-23 123.27,-20.23,124.30,-21.18
9_-23 140.66,-20.16,141.70,-21.12
-9_-24 123.20,-21.12,124.24,-22.08
9_-24 140.73,-21.06,141.77,-22.02
-9_-25 123.14,-22.02,124.18,-22.97
9_-25 140.80,-21.95,141.84,-22.91
-9_-26 123.07,-22.91,124.12,-23.86
9_-26 140.86,-22.85,141.92,-23.80
-9_-27 123.00,-23.80,124.06,-24.75
9_-27 140.93,-23.74,142.00,-24.69
-9_-28 122.93,-24.69,124.00,-25.64
9_-28 141.00,-24.63,142.08,-25.58
-9_-29 122.86,-25.58,123.93,-26.53
9_-29 141.07,-25.52,142.16,-26.47
-9_-30 122.78,-26.47,123.87,-27.42
9_-30 141.14,-26.41,142.24,-27.36
-9_-31 122.71,-27.36,123.80,-28.31
9_-31 141.22,-27.29,142.32,-28.25
-9_-32 122.63,-28.25,123.74,-29.20
9_-32 141.29,-28.18,142.40,-29.14
-9_-33 122.56,-29.14,123.67,-30.09
9_-33 141.37,-29.07,142.49,-30.03
-9_-34 122.48,-30.03,123.60,-30.98
9_-34 141.44,-29.96,142.58,-30.92
-9_-35 122.40,-30.92,123.53,-31.87
9_-35 141.52,-30.85,142.66,-31.81
-9_-36 122.32,-31.81,123.46,-32.77
9_-36 141.60,-31.74,142.75,-32.70
-9_-37 122.24,-32.70,123.39,-33.66
9_-37 141.68,-32.63,142.84,-33.60
-9_-38 122.15,-33.60,123.32,-34.55
9_-38 141.76,-33.52,142.94,-34.49
-9_-39 122.07,-34.49,123.24,-35.45
9_-39 141.85,-34.42,143.03,-35.39
-9_-40 121.98,-35.39,123.17,-36.35
9_-40 141.93,-35.31,143.13,-36.28
-9_-41 121.89,-36.28,123.09,-37.25
9_-41 142.02,-36.21,143.22,-37.18
9_-42 142.11,-37.11,143.32,-38.09
9_-43 142.20,-38.01,143.43,-38.99
9_-44 142.29,-38.92,143.53,-39.90
9_-45 142.38,-39.82,143.63,-40.82
9_-46 142.47,-40.74,143.74,-41.73
9_-47 142.57,-41.65,143.85,-42.65
9_-48 142.67,-42.57,143.96,-43.58
9_-49 142.77,-43.50,144.07,-44.51
9_-50 142.87,-44.43,144.19,-45.45
